Fig.6B													
WT mice	CON	CON	CON	CON	RAP	RAP	RAP	RAP	pAKK	pAKK	pAKK	pAKK	pAKK
M-Sec	1.43	1.22	0.64	0.90	1.51	1.81	1.75	1.01	1.37	1.32	1.05	1.35	1.50
Sgne-1	1.09	0.63	1.17	1.25	1.80	1.06	1.24	0.88	1.64	1.29	1.76	1.83	1.45
Anxa5	0.95	0.70	1.19	1.26	0.61	1.57	1.48	0.52	0.69	0.59	0.90	1.53	1.18
CCL9	0.68	0.93	1.12	1.41	1.65	1.21	1.48	0.46	0.44	0.63	2.72	1.41	
CCL20	0.72	0.89	0.69	1.80	1.20	1.42	1.82	0.72	1.19	2.85	2.76	1.66	
Marcksl1	0.84	1.17	1.03	0.98	1.02	1.16	1.06	0.90	0.91	1.36	0.98	0.88	1.08
Sox8	1.25	0.56	1.18	1.22	3.08	1.13	0.87	0.76	1.70	2.20	1.39	1.17	0.96
Spi-B	1.34	0.72	1.36	0.76	1.22	1.17	0.93	1.32	1.50	2.43	1.20	1.96	1.38
Tnfaip2	1.13	0.62	1.03	1.39	1.13	1.56	1.22	0.94	0.85	0.89	0.92	0.97	1.16
													
													
Fig.6D													
TLR2/4 ko mice	CON	CON	CON	CON	CON	pAKK	pAKK	pAKK	pAKK	pAKK			
GP2 mRNA expression	2.076	1.165	0.437	0.740	1.279	1.310	0.818	1.682	1.762	0.942			
													
													
Fig.6E													
TLR4 ko mice	CON	CON	CON	CON	pAKK	pAKK	pAKK	pAKK					
GP2 mRNA expression	0.969	0.611	1.194	0.492	1.271	1.861	1.192	1.365					
													
													
Fig.6F													
TLR2 ko mice	CON	CON	CON	CON	CON	pAKK	pAKK	pAKK	pAKK	pAKK			
GP2 mRNA expression	1.566	0.521	1.139	0.647	1.664	1.166	2.099	1.229	0.618	0.39			
													
													
Fig.6G													
TLR2/4 ko mice	CON	CON	CON	CON	CON	pAKK	pAKK	pAKK	pAKK	pAKK			
M-Sec	0.71	1.48	1.31	0.41	0.72	0.79	0.76	0.64	1.28	1.37			
Sgne-1	0.88	1.14	1.28	0.43	0.41	1.61	0.96	1.63	0.55	0.27			
Anxa5	2.39	1.02	1.04	0.57	0.70	2.49	1.56	1.90	0.66	0.64			
CCL9	2.38	0.99	0.71	0.47	1.27	3.02	2.06	1.49	0.88	0.68			
CCL20	1.26	0.93	0.67	1.44	0.88	2.21	0.59	1.28	1.11	0.77			
Marcksl1	0.51	1.21	1.13	1.16	1.24	0.63	1.02	0.94	1.20	0.64			
Sox8	2.57	1.28	1.63	0.48	0.39	2.33	0.93	3.20	0.34	0.57			
Spi-B	1.35	0.83	0.98	0.91	1.01	1.96	0.80	1.57	1.17	1.31			
Tnfaip2	1.14	1.39	1.26	0.94	0.54	1.70	0.79	1.03	0.90	1.46			
													
													
Fig.6H													
TLR2 ko mice	CON	CON	CON	CON	CON	pAKK	pAKK	pAKK	pAKK	pAKK			
M-Sec	0.353	1.066	0.455	2.446	2.385	4.139	3.778	0.301	0.631	0.281			
Sgne-1	1.490	1.430	0.680	0.720	0.960	0.520	0.900	2.800	1.670	1.470			
Anxa5	1.141	1.091	0.830	1.330	0.728	0.952	1.266	1.319	1.518	1.276			
CCL9	1.221	1.572	0.640	0.973	0.837	0.474	0.575	0.855	2.119	1.358			
CCL20	0.493	0.928	1.674	1.301	1.005	0.841	1.151	0.601	2.633	0.630			
Marcksl1		1.163	0.976	0.757	1.162	0.889	1.038	1.342	1.453	1.765			
Sox8	0.730	0.470	0.770	1.060	3.580	3.550	2.660	2.520	0.770	0.520			
Spi-B	0.826	1.037	0.910	0.969	1.324	0.750	1.722	1.041	0.849	0.750			
Tnfaip2	1.113	0.562	1.059	1.411	1.071	1.265	2.369	2.152	1.654	0.872			
													
													
													
													
													
													
